TrainLoss	ValidLoss
0.19336009879582733	0.19219267674400792
0.11615607328655167	0.11756032098161556
0.1030844619019341	0.11505322455980978
0.09789887992374752	0.1139416622185562
0.09484625885661407	0.11316402635884978
0.09272671904242195	0.11400305682338231
0.09111269497006476	0.1133376862472599
0.08979496051050805	0.11339375367291064
0.08867113304980638	0.11326965161821606
0.08768932719868949	0.11418879174877171
0.08682193587875724	0.11366181933816606
0.08602984542705237	0.11387150328130631
0.08530349404471607	0.11368949821685133
0.08462189676610855	0.11324586219865329
0.0839974007149755	0.11375877059516955
0.08342060384575475	0.11336306582334152
0.0828564334958966	0.11346266460463032
0.08233513000435203	0.11412173738449444
0.08185517224229102	0.11358143257365447
0.08139105400892391	0.11401871106118837
0.08094841433251745	0.11418419066953416
0.08052427363073442	0.11428607951481977
0.08013406019250151	0.11424818768166066
0.07974643082993069	0.11322086818448539
0.07938419369558017	0.11447764739638636
0.07903466770537919	0.11515709776741245
0.0787009856177307	0.11535012975254957
0.07838911835028767	0.11482686665503349
0.07808491991889692	0.1144638968835473
0.07779616461946558	0.11471308101514774
0.07751980958229554	0.11481622120589124
0.07726055812411053	0.11515943652990433
0.0770089689771869	0.11497901262102765
0.07677025921535945	0.11535407074794164
0.07653773025809159	0.11550904722832268
0.0763216354330631	0.11550237585661918
0.07611556343612141	0.11667159078492573
0.07590509240720379	0.11625300916345159
0.07571231334764432	0.11605567765581876
0.07552966139141384	0.11615262824745594
0.07534906387860968	0.1162632737832898
0.07517109541426215	0.11632218238681115
0.07499635547404498	0.11620841806289485
0.07482224725890944	0.11614470814547363
0.07465325855523063	0.11595136712469784
0.07449925420067428	0.11645717832663291
0.07435603839259128	0.11602869831980878
0.07420797468424896	0.1168726715112347
0.07406648438800463	0.1160307898471856
0.07392389281211505	0.11651105710134121
0.0737948335462408	0.11616492066183058
0.07366484319492778	0.11567054478054362
0.07354099669533531	0.11696403408170312
0.07342451527518123	0.11607778072409392
0.07330901769714668	0.11661252448153901
0.07318781344206932	0.1168036901580203
0.0730786214912839	0.11690806342007229
0.07296009004102548	0.11667136208076753
0.0728499717466293	0.11720572268595254
0.07274211808067463	0.116203339941377
0.07264175058026964	0.11729269765897622
0.07254010991602008	0.11709901927923079
0.07243786955549288	0.11685839370109602
0.07234257784840134	0.11776987054035123
0.07225178846158777	0.11740531742681476
0.07215420156024024	0.11697935732977947
0.07206615795351214	0.11729476902125484
0.07197762660279924	0.11728808023756737
0.0718864493390762	0.1175063324739712
0.07179762923210234	0.11706981170171163
0.0717270125883192	0.11755771998236791
0.07163583300816652	0.11716732925846834
0.07156284627928679	0.11791536085743004
0.07148198338599097	0.11825195308782743
0.07140511638094195	0.1181281028664295
0.07132332354646778	0.11716681554178325
0.07125987534869235	0.11716836875603126
0.0711835599902267	0.11744023882396414
0.07112486157162343	0.11732732964331836
0.07104380919648016	0.11752512112185777
0.07098242514159137	0.1172954002027906
0.07092242737838672	0.11766945064498198
0.07085119168349054	0.11780234145229347
0.07079666142183473	0.11788780717182784
0.0707290474857552	0.1181525898183287
0.07067309167576773	0.11796746417378007
0.070615517791232	0.11757749271175917
0.07055656534414735	0.11817335598453492
0.07049950627405704	0.11913460805894832
0.070450971039161	0.11849761004389975
0.07039703337552851	0.11861288194877649
0.07034453263190453	0.11817259199223026
0.07029771250882287	0.1178757358010403
0.07024351222657871	0.11869381398656345
0.07019673680395867	0.1191864705603992
0.07015280952260321	0.1193590704725966
0.0701117624521129	0.11832502860203899
0.07006434058501271	0.11753522382920356
0.07001733338432817	0.11790487870056761
0.06997719985326865	0.11904720453653607
0.06994208042127374	0.1181788305457213
0.0698922248954288	0.118348097009901
0.06986191901348225	0.11806678127954373
0.06982400869768489	0.11791924183571938
0.06977937536995985	0.11814146133105424
0.06974145792986587	0.11854433220346948
0.06970483393228617	0.1185376358111705
0.06967458277459013	0.11859533185118516
0.06964287480733908	0.11877790810752058
0.0696070212086457	0.1189303241051392
0.0695708228483918	0.1183531473849993
0.06954607188943743	0.11865937705942668
0.06951409398498314	0.11824465682865608
0.0694852603608184	0.11887295551700662
0.06945465241145084	0.11955774956641223
0.06942440331349467	0.11905389879640224
0.06939832320619442	0.11814157493741308
0.06937009237449439	0.11881306976144945
0.0693459569563671	0.1187339074732752
0.06931958321943327	0.11864139309933965
0.06929210147736886	0.11920892498491627
0.06927004945723855	0.11886197202196531
0.06923954397757441	0.11874325071701512
0.06921994640752703	0.118557085270215
0.06918863624213813	0.11832106284645205
0.06918227968383424	0.11822496063441622
0.06914665667032674	0.11876400882254308
0.06912754028605382	0.11844314534912233
0.06910817385830156	0.11908456316959876
0.06908672801799878	0.11897924276633885
0.06905869256827792	0.11899546263327317
0.06905298392979818	0.11938553033754246
0.06901924002682662	0.11955114459113508
0.06901034300567935	0.11932090472377715
0.06899061847498683	0.11837346329721185
0.06896899169843727	0.11940401150084419
0.06895775310377865	0.11922897192624539
0.06893475810995343	0.11945492990655751
0.06890879710768474	0.11922478940751528
0.0688957011876124	0.11943163416693818
0.06888094920415003	0.11947913453455448
0.06885858343410327	0.11945004290856223
0.06884246475954946	0.11968733240732124
0.06882275514326147	0.11910403274229303
0.0688180156219032	0.11866886201305771
0.06879179091631302	0.11894008863848893
0.06878639833680221	0.1193364609697636
0.06877289683738098	0.11881529934836815
0.0687453070922954	0.11887663104782317
0.0687352361411871	0.11890848710314453
0.0687299950961896	0.11895208834828754
0.06869859917748533	0.11909127161050972
0.06868786607022528	0.11885839109475597
0.06867608027652465	0.11909900043049347
0.06867679780229545	0.11951240599261824
0.06865098546855611	0.11971598317098381
0.06864031791851265	0.11970155837312668
0.06861791494080359	0.11966431590100648
0.06860694961622668	0.11956189931846216
0.06858513643632931	0.11970833407002393
0.06858141697283532	0.11919741782766563
0.06856703641627218	0.11924931483949172
0.06854997224378889	0.11999220501370676
0.06854283828744723	0.11936956572061469
0.06852889362682373	0.11968894628838875
0.06852080614335342	0.11921133556336815
0.06850351630785281	0.12013700253473784
0.06849636766064358	0.11966415193745356
0.06848049263543401	0.11936311526159651
0.06846815259429956	0.12004486805696467
0.0684594833164411	0.11921078942448811
0.0684501978570977	0.1198258666659424
0.06843602324252471	0.11924376942324277
0.06842681376566452	0.11921115938377563
0.06842071625693569	0.11922143004915887
0.06841171362794589	0.11951053261757222
0.06839130552768184	0.12056813383054527
0.06837977899580527	0.1206192662948698
0.06837606300820011	0.11970602121111636
0.06836125365128523	0.11993004796161258
0.0683505003604587	0.11950221587771306
0.06834352039522612	0.12045593691215645
0.0683397366580533	0.11993664230109716
0.06831645121255253	0.11961816294349327
0.06832041740682347	0.12093228511824945
0.06830170283092404	0.11999894569720115
0.06829036659496059	0.12063257038668812
0.06828225303516924	0.12010717132468506
0.06827640699922315	0.11957162862815236
0.06825936421367297	0.12016309930978421
0.06825473779482305	0.12040247225167307
0.06825181336301199	0.12041319775288525
0.06823776093001478	0.1204323199723293
0.06823300234313041	0.12106109067986033
0.06821779545002021	0.11964915674956049
0.06822034774370227	0.11997712918437238
0.06819910849609111	0.12036365008332985
0.06819448185592625	0.12032546676003208
0.06819037385504438	0.1194713639983317
0.06817939529281243	0.12021956118695393
0.06817001676618395	0.12039681656960997
0.06816196976868118	0.12048888295328533
0.06815193377564441	0.12102402035823935
0.06813802533627632	0.1205714371921416
0.06813695982245767	0.12021561695413314
0.06812500410555024	0.12015901713923294
0.06811959532783052	0.11979308776022
0.06810405796494944	0.12098546411631667
0.06810616135603983	0.11945745515300563
0.06809492488991536	0.12088264802099233
0.0680853448880365	0.1207047447796171
0.06806693891848112	0.11999019445934123
0.06807160883469267	0.12042857414712281
0.06805288432975203	0.12032804073555366
0.06805021599798344	0.11952627355494061
0.06803871962866599	0.12036233110707231
0.06803371999995393	0.12004554236033241
0.06803434407367165	0.12102663452075174
0.06801786450974255	0.12092180180861091
0.06801058410637574	0.12092146427241564
0.0680043474338385	0.121079419248568
0.06799408380488178	0.12055334455221767
0.067991604269151	0.1202857981735654
0.06799326917980553	0.12085119461674207
0.06797932610171713	0.12121088857785721
0.06795730441150978	0.12032653944938852
0.06796777287010468	0.12171423173389168
0.06795735236476763	0.12016409012203794
0.06795627838116423	0.11992256246742437
0.06794327066078165	0.12053079233131525
0.06793631520542255	0.12079706316065861
0.06794175265169225	0.12039622976988994
0.06793513920558915	0.12066773674116188
