TrainLoss	ValidLoss
0.3870233592240601	0.4023690666331867
0.16014350745673975	0.16919737930661052
0.13790895788220972	0.1649305027898198
0.12969354325842253	0.16374816400284956
0.12444178027542854	0.16264312171049716
0.12081120311353635	0.16547685594751285
0.11809553756712164	0.16407530180769064
0.11597192284629261	0.16466373601143988
0.11420683778109379	0.16355892095677935
0.11266197537571643	0.16490561282879004
0.1113034113826989	0.16340275341965904
0.11009242503180232	0.16395349890257227
0.10903456416892311	0.16426790063175917
0.10807313293186685	0.16520529595202732
0.10721201053446403	0.16443491910935962
0.10640842002095807	0.16368794796516736
0.10566076461867398	0.16438013810129837
0.10497053458008712	0.16388946823089856
0.10431592256884364	0.16477442581159307
0.1037017063489043	0.1643233801935405
0.10313098760779138	0.16581716899702667
0.10259259610045858	0.16586527727146966
0.10210510717726842	0.16549307925516962
0.10162971948535439	0.1667755492009726
0.10118130333885708	0.16576044557111405
0.10074638224248658	0.16644507235733433
0.10033309309783364	0.16597998647836573
0.09992313045826984	0.16701449965081455
0.09954598868981229	0.1656094131444526
0.09918795424059997	0.16511588622091689
0.0988313651295265	0.16491943200611076
0.09850621940549244	0.16588377209721672
0.09820204495354012	0.16549220770671666
0.09789008273233255	0.16609878323096108
0.09760399757591887	0.16712092709661072
0.09731239523929743	0.16716004511732457
0.09702907238940925	0.16705102564183774
0.09678247492592358	0.16751245724023292
0.09652058170515715	0.16635692451861323
0.09627834119216634	0.1665027783922739
0.09604555648407785	0.16746105326411925
0.09582138176084651	0.16805274620447744
0.09560441713699903	0.1688230995144219
0.0954052110872972	0.16716429572421979
0.09519525983792879	0.1683170736117501
0.09500843792383962	0.16768324340115717
0.09480768571570188	0.16695288188402785
0.09462877088680344	0.1677338057375849
0.09443972357005012	0.16817070272436263
0.09427275770822638	0.1688945626600937
0.09410009281983611	0.1695300949673684
0.09394814911065762	0.1695571930686244
0.09378058440742067	0.16948222760363466
0.09361598506896229	0.1684574077720019
0.09345697376151167	0.1693670068863949
0.09332098113722126	0.16916938879928295
0.09317729035085326	0.1703782693014473
0.09302494827041122	0.16985300378215112
0.09289306479142247	0.1696132223512424
0.0927667203526148	0.1710687031011958
0.09262671442843202	0.17094701785801183
0.09249431490893698	0.17171168897321634
0.09237230529592068	0.17173080672055246
0.09225153150417176	0.17077478142990693
0.0921384174704424	0.17134066675634527
0.09201595303123053	0.17237940394051757
0.09190157388918188	0.17205636715505143
0.09180321107914392	0.17176348843772474
0.0916920408281492	0.17042503850469765
0.09158741847991432	0.17024144418810516
0.09149457391676499	0.17053924465514841
0.09139500016921043	0.17064942597186356
0.0913002695096751	0.17048005966455484
0.09120379791968303	0.17068828040650733
0.09110905733343079	0.17097935010616122
0.09103783057001982	0.169900471940148
0.09095185075131268	0.17125216730380607
0.09086176695619406	0.17109031906052147
0.09077780104356782	0.17214309993775231
0.09069698038830805	0.17091490346851482
0.09062994575180507	0.17096871797185892
0.09054466609522362	0.1701717464902326
0.09048123627771594	0.17146346397100393
0.09040508984476452	0.17229856998612458
0.09033519231734595	0.17112169595895968
0.09026219580491453	0.17178480731514859
0.09019455014918797	0.17100212890538982
0.09013365150635838	0.17015504691221717
0.09006750810642623	0.1720193011696272
0.0900010237597313	0.17049594717865676
0.08992954153257592	0.17231266572266873
0.08988841785652987	0.17081952809966255
0.0898211105818561	0.16990482658871
0.0897509682014072	0.1722178564553766
0.08969731587367198	0.1712844926460517
0.0896475612299082	0.17076323399504806
0.08959972323824743	0.1727119143366318
0.08953086759661397	0.17483161171961098
0.08948346528565759	0.17271460537069055
0.08943762050677966	0.17133317785198215
0.08937750290558248	0.17198726760732042
0.08933594820821637	0.17198268316127013
0.08928985932526837	0.17160956707778346
0.08923560062926868	0.17133114722507425
0.08918763033858568	0.17058929545144633
0.08914398905916372	0.1725381023046547
0.08910442301031274	0.17096685999531783
0.08906394614904689	0.171556725612894
0.0890152005097608	0.17172365737538672
0.08898802718584196	0.17282574029532222
0.0889374760476525	0.17202954946456128
0.08891263476676806	0.17314461428126915
0.08885332584046754	0.17221210158265104
0.08883232927002406	0.17146273516643926
0.0887816833216223	0.17224915434124471
0.08874506567264615	0.17249997862487101
0.08870380643102019	0.17389960392415157
0.08867460178026641	0.172296646984226
0.08862985796612716	0.17311162322820087
0.0886133210300076	0.17209127785000383
0.08855951460557933	0.171891770368018
0.0885266099952595	0.17315566430367862
0.08850152299775671	0.16978966594779288
0.0884812325064025	0.17102930885044998
0.08844161166438899	0.17354684674253276
0.08841063014527947	0.1735958872111692
0.08837346877353332	0.1713247153632201
0.08834938327449834	0.1730342107863144
0.08832684081190116	0.17092608576342563
0.08829289653828819	0.1728607398487545
0.0882679872585505	0.17182622501354414
0.08824232739999796	0.17199940419118384
0.08821654988107135	0.17247768698675467
0.08819757012874083	0.1722015416778761
0.08815509538865632	0.17129033682557684
0.08813558565779728	0.17224775047480057
0.08810542767771885	0.1709122732540101
0.08808024040090869	0.17021430808966415
0.08806126407654587	0.17210711543795396
0.08802283853146133	0.1708153711365165
0.0880025189931748	0.17383624495672242
0.0879797874393917	0.1730587394986313
0.0879585948595244	0.1725712191738367
0.08793871780954335	0.17137754353966506
0.08791256066242785	0.1707899252953178
0.08790000462646272	0.17285945320856008
0.08787827769248042	0.17089590997028797
0.08786051886180812	0.17309186722889658
0.08783034329490957	0.17361014391375643
0.08782219580100727	0.1719363961822102
0.08778984070603776	0.17344953034356245
0.0877701169117769	0.17403998365249898
0.08773608362430114	0.17138836760778575
0.08773810233033501	0.17161092725027527
0.08770816862971609	0.17278056517887302
0.08768267629038662	0.1705233425838522
0.08767060644648825	0.1708324526827196
0.08765296402082792	0.1718319532800562
0.08763739683750364	0.1730462603281112
0.08761152068263661	0.17191764885942304
0.08759932841033846	0.17270268479360715
0.087574386288759	0.1722824683313221
0.08757210892137708	0.17180774767453483
0.08754765887690072	0.17158995087112927
0.08752933160909945	0.17193017344156955
0.08751248704164656	0.17307766384020862
0.08749777052820673	0.17138059825457355
0.08748559448493334	0.17404087486302774
0.08747962024561735	0.17393450482360245
0.0874429425525532	0.1727311540693908
0.08743399907661334	0.17184470194883222
0.08741802020414594	0.17407445567867932
0.08741542482042458	0.17223445343604954
0.08737912715730065	0.1725700135469331
0.08738574434442933	0.1714642903283364
0.08736691844002531	0.17170826856815885
0.08733990490582887	0.17294583878055772
0.08732855317515748	0.17320750193771295
0.08731926479657878	0.17356600716459783
0.08729907066147004	0.1723977506347717
0.08726605868088733	0.17275074548558356
0.0872673251833636	0.17441659438757787
0.08726002586414176	0.17206626898793836
0.08724091556856653	0.17374643394095263
0.08721846603646426	0.1728531027772186
0.0872075626602887	0.17145944893645257
0.08720303038147366	0.17243074338995285
0.08719696048010837	0.17225393312615023
0.08717521315968443	0.1728406080464864
0.08714847040101363	0.17313238235825637
0.08714556378904283	0.17300405381902598
0.08712445009234171	0.17346982799964597
0.08710755407721524	0.17252680607459353
0.08711082668687428	0.17376935766163237
0.0870799849069469	0.171962578473871
0.08708357782106559	0.17337283008629004
0.08706608008685998	0.17466008448569081
0.08706116097227738	0.17201664493641813
0.08705122792447462	0.173925084193061
0.08703737559812244	0.17447290911417115
0.0870144048189318	0.1727897592205681
0.08700128108992021	0.1738993388444465
0.0870007239018288	0.1728087196209734
0.08698914742653546	0.17276505277136803
0.08697779453850094	0.1733756393799078
0.0869651681942775	0.17340678245418523
0.08695675015610047	0.17170706836452368
0.08692108855957809	0.17247805303511515
0.08691911277065333	0.17380543255347614
0.08692214374129274	0.17305726563405113
0.0869016629754486	0.1730519174981327
0.08690486290957612	0.17327432843487675
0.08688781565502454	0.1727719789055139
0.08688547082091035	0.17324607302008976
0.08686960750627398	0.17279930743606495
0.08685265457193996	0.17349236080195282
0.08684012523581018	0.1749709807328626
0.0868328760395024	0.17326175256835727
0.08681782378699046	0.17128382546743562
0.08681964775559137	0.1734195721946928
0.08679555856651912	0.1729805437541169
0.0867970820195745	0.17313084518503782
0.0867744449307902	0.1730070469571821
0.08676059170892275	0.1724462188921007
0.08676921573246169	0.17338370627842561
0.0867483847625017	0.17342681772314653
0.08675304430248361	0.17145665482712244
0.08675156504983576	0.17377562143140604
0.08672571802526666	0.17558271692774663
0.08672778149996893	0.17508005560921125
0.08672387322612482	0.171299326521435
0.08670436014822482	0.17263060824626403
0.08668863344789013	0.17340113391237846
0.08668644482609332	0.1748031477182736
0.0866784139112509	0.17408749076203017
0.08666070850995938	0.1741536447477589
0.08665443547052289	0.1742192461914803
0.08666104357456816	0.17361397762635797
0.08664786082158882	0.17423810907460927
0.0866361351559796	0.1737863838086822
0.08662749704742004	0.1737387892357634
0.08662348268727663	0.17254206936602992
0.08660700872634482	0.17264047497548674
0.08661086302582756	0.17435149426228364
0.08659816093817345	0.17293784555969804
0.08659290829703341	0.17192071625641567
0.08656960901561599	0.1737374345501955
0.08657389943502465	0.17251480924067253
0.0865698476798576	0.17197335960581717
0.08655414879592546	0.17428019934390773
0.08655838463324625	0.17381156152640032
0.08654784635347904	0.1745357875025826
0.08654474500939649	0.17252810817397457
0.08652437649181259	0.17514537021159704
0.08652748100046295	0.17480039198567104
0.08652259087383592	0.17363388570053712
0.08650833761915715	0.17555151166620664
0.08650523224425818	0.17164861354260755
0.08651109593322327	0.17359460803069754
0.08650450493420693	0.17278035200924072
0.08649286771929912	0.1739290357177428
0.08648437945911173	0.17457551649239111
0.08646454478547184	0.17255480918549315
0.08647678947922495	0.17379211519294852
0.08646317132379615	0.17365833708652575
0.086451000748731	0.17496521846192595
0.08644674954863407	0.17187613135489205
0.08643156264179938	0.17344436283542627
0.08641219588231401	0.17474455956915072
0.08643238880440864	0.1762821581373025
0.08642290802507326	0.17387317953936055
0.08641201681273988	0.17435832985898808
0.08639915851653758	0.1741685141779159
0.08640768694321203	0.17624970716191873
0.08641325914539436	0.17354203191554382
0.08639088616798554	0.17655579576115854
0.08639027361957931	0.175591322981583
0.0863914742924822	0.1734556517595428
0.086379752955012	0.1744606114849288
0.08637745410280204	0.17544011020664702
0.086367385323575	0.17269564079670718
0.08635863610394207	0.17575809859846458
0.08636662627006837	0.17347407070210105
0.08635839675126893	0.1735664861214304
0.08634733548836862	0.17578554929258963
0.08633812415713875	0.1716876691150109
0.0863434003656953	0.1749301035146912
0.08632200075063574	0.17604436250223243
0.086338927984635	0.17537348027620303
0.0863216436540012	0.1746056399152303
0.08632760205806196	0.17579345641926553
